8077454
5595904
5133196
1851180
1093823
5281181
3860785
6547123
7533184
6382507
848642
4559247
2603245
2428078
2001206
6295755
6102226
8776517
3649597
5004473
6816930
8557546
2939707
7557010
3960688
286838
1865090
2379629
240046
9545550
833617
7116412
4296087
6642020
8183798
2113087
822035
5009438
2102802
7646864
6017794
4340572
8280327
8879215
1066802
829615
2081887
5761004
3323034
254498
3164853
4523965
1142515
7745308
4854529
5849931
9907104
5222346
3453598
613868
2914999
1018596
9024603
3731566
9343830
7425248
773496
5605968
1554955
3321083
6561003
6463111
7286045
5863028
4410675
4583011
2202452
728585
6319532
9458466
3946349
1206907
5787158
1913644
1420564
4317721
6989231
7713713
4604464
280149
5217566
111319
6810945
6457384
2717797
105113
9456917
2284171
6524944
9319138
8988443
7970719
9054203
2182695
8694210
9023939
275502
4643771
9828915
3502629
9571842
9097184
7498597
4405089
7348671
4623063
6006674
9710834
105241
4922484
4188720
1266173
2409546
921213
3383135
4665112
8546514
2941436
1405855
6026268
2470640
7012411
4828460
2443106
8904946
6971616
6280775
8353966
9730296
6686923
2751234
8254159
426806
5554126
5208252
2390867
5139109
4855587
3366231
2049496
7572586
9749888
9491439
3324164
3601210
7484469
5868206
7733580
7147089
6755577
7425095
4013589
3149210
3259338
9175103
9935258
6872767
3880717
2702909
8858961
8447999
4425242
1678811
5288798
5218022
5941741
7826483
2862121
3440541
2079277
5555674
5653132
6803337
4624835
7444578
5905376
9246141
6586401
5859904
5506156
8281594
1149685
9098774
8639600
2889288
3793108
7857282
3556989
423765
7538726
6663466
1190846
3738858
4259551
7094821
5172063
879277
8099032
3359646
1687668
7877635
7713393
6892292
3360330
1178881
7404323
4107841
7324780
8418540
4956152
5637589
4719081
1875338
7583363
8364171
2540590
3291481
1583976
7719378
2879255
6763871
1125939
3112036
9113805
4104136
476396
2751095
1468358
3115341
7817762
987704
828163
1925970
5826583
6222456
3295138
7889918
4679497
2626791
3517464
2400097
1531147
7050136
7486544
4209543
4416361
4202626
5958423
5764033
254546
4500579
998646
751628
9546132
4030911
4844290
2991240
6283761
4676129
3212257
6195958
6165595
7963006
932295
8732810
9831542
5821358
2495429
7729534
1477288
6628373
7736640
944681
6068207
8331307
3909022
8771471
4895366
4815810
447366
2276353
7015635
4354216
1670444
917692
7265337
9562954
2529155
4106668
1344202
7432746
2424986
5335076
4944570
9641846
2131410
8272375
7216758
7098555
3159232
1974151
3937252
859087
8788292
7590472
9092017
190532
4118795
9905032
3372311
7071919
1453618
1067446
9106931
3361173
1647327
4019506
766473
8422994
8728576
8348510
6010364
3119863
5520192
8687528
2041183
6364094
9201446
4892588
6797028
6757865
7325143
5294981
8560175
9039361
2856322
8868192
2527324
2293892
4654491
171797
4114111
8689996
1523172
9644307
8762112
6280323
4187853
376070
9206734
8525471
3988580
223608
8613087
7699444
1594041
4572536
1650080
8692372
7111340
4101851
7486907
5177406
8788695
5344263
2988390
726761
4778816
9532709
90794
7521186
7205599
7245147
1819592
4057989
379707
5249879
1321743
4861907
9705576
7128745
1961832
9183097
3874029
2970966
7463082
9059181
7296086
1329788
4128191
7907442
8158727
5754403
5430242
2602692
2365175
7324843
3791124
1329769
5181900
519949
6969195
516241
4158488
9780574
5295266
7066108
112602
8121837
5713021
2904978
9904594
758044
7615708
171124
6087836
4505573
2482102
2875428
8224897
2154984
2188312
4086496
5150398
232484
7493665
5334058
4692971
7441580
3991723
3803215
3243656
1777798
2116201
1865586
1537005
244820
9134803
7567296
9339974
7890989
5117315
5499546
6479549
7223150
9233514
1408878
5948752
9223393
8655065
4282933
2289543
3244189
614481
7598935
5173406
6833788
9688626
7295351
4731579
4612663
6084819
5322902
9450194
3852552
3414050
5868028
4276471
3842382
839216
9115827
9423524
2999906
5817198
8246932
1336144
9075231
9262329
5668424
4839936
1363776
5634391
5946164
511757
9065588
2000623
7833643
8223713
8297546
7321985
