Z
111111
000001
000001
000010
000100
001000
010000
100000
100000
111111
000000
000000
000000
3
011110
100001
100001
000001
001110
000001
000001
100001
100001
011110
000000
000000
000000
7
111111
000001
000001
000010
000010
000010
000100
000100
000100
000100
000000
000000
000000
U
100001
100001
100001
100001
100001
100001
100001
100001
100001
011110
000000
000000
000000
j
00001
00001
00000
00011
00001
00001
00001
00001
00001
00001
00001
10010
01100
o
000000
000000
000000
011110
100001
100001
100001
100001
100001
011110
000000
000000
000000
F
111111
100000
100000
100000
111110
100000
100000
100000
100000
100000
000000
000000
000000
O
011110
100001
100001
100001
100001
100001
100001
100001
100001
011110
000000
000000
000000
y
000000
000000
000000
100001
100001
100001
100001
100001
010011
001101
000001
000010
011100
c
000000
000000
000000
011110
100001
100000
100000
100000
100001
011110
000000
000000
000000
e
000000
000000
000000
011110
100001
100001
111111
100000
100000
011110
000000
000000
000000
v
000000
000000
000000
100001
100001
100001
010010
010010
001100
001100
000000
000000
000000
k
100000
100000
100000
100010
100100
101000
111000
100100
100010
100001
000000
000000
000000
T
111111
001000
001000
001000
001000
001000
001000
001000
001000
001000
000000
000000
000000
I
11111
00100
00100
00100
00100
00100
00100
00100
00100
11111
00000
00000
00000
H
100001
100001
100001
100001
111111
100001
100001
100001
100001
100001
000000
000000
000000
i
00100
00100
00000
01100
00100
00100
00100
00100
00100
11111
00000
00000
00000
r
000000
000000
000000
101110
110001
100000
100000
100000
100000
100000
000000
000000
000000
f
001110
010001
010000
010000
111110
010000
010000
010000
010000
010000
000000
000000
000000
d
000001
000001
000001
011101
100011
100001
100001
100001
100011
011101
000000
000000
000000
u
000000
000000
000000
100001
100001
100001
100001
100001
100011
011101
000000
000000
000000
4
000010
000110
001010
010010
100010
100010
111111
000010
000010
000010
000000
000000
000000
A
001100
010010
100001
100001
100001
111111
100001
100001
100001
100001
000000
000000
000000
2
011110
100001
100001
000001
000110
001000
010000
100000
100000
111111
000000
000000
000000
n
000000
000000
000000
101110
110001
100001
100001
100001
100001
100001
000000
000000
000000
9
011110
100001
100001
100001
011111
000001
000001
000001
000010
011100
000000
000000
000000
g
000000
000000
000001
011101
100010
100010
100010
011100
010000
011110
100001
100001
011110
q
000000
000000
000000
011101
100011
100001
100001
100001
100011
011101
000001
000001
000001
D
111100
100010
100001
100001
100001
100001
100001
100001
100010
111100
000000
000000
000000
X
100001
100001
010010
010010
001100
001100
010010
010010
100001
100001
000000
000000
000000
b
100000
100000
100000
101110
110001
100001
100001
100001
110001
101110
000000
000000
000000
0
001100
010010
100001
100001
100001
100001
100001
100001
010010
001100
000000
000000
000000
N
100001
110001
110001
101001
101001
100101
100101
100011
100011
100001
000000
000000
000000
1
000100
001100
010100
000100
000100
000100
000100
000100
000100
011111
000000
000000
000000
m
0000000
0000000
0000000
1110110
1001001
1001001
1001001
1001001
1001001
1001001
0000000
0000000
0000000
Q
0111100
1000010
1000010
1000010
1000010
1000010
1000010
1011010
1100110
0111100
0000011
0000000
0000000
G
011110
100001
100000
100000
100000
100111
100001
100001
100011
011101
000000
000000
000000
a
000000
000000
000000
011110
100001
000111
011001
100001
100011
011101
000000
000000
000000
8
011110
100001
100001
100001
011110
100001
100001
100001
100001
011110
000000
000000
000000
x
000000
000000
000000
100001
100001
010010
001100
010010
100001
100001
000000
000000
000000
p
000000
000000
000000
101110
110001
100001
100001
100001
110001
101110
100000
100000
100000
R
111110
100001
100001
100001
111110
100100
100010
100010
100001
100001
000000
000000
000000
C
011110
100001
100000
100000
100000
100000
100000
100000
100001
011110
000000
000000
000000
l
01100
00100
00100
00100
00100
00100
00100
00100
00100
11111
00000
00000
00000
L
100000
100000
100000
100000
100000
100000
100000
100000
100000
111111
000000
000000
000000